----------------------------------Header Info-----------------------------------
Byte Order     :4949
Version        :2A
Offset         :8
-----------------------------------Data Entry-----------------------------------
|Tag                                     |Type           |Count     |Value     |
--------------------------------------------------------------------------------
|FE (New Subfile Type)                   |4 (LONG)       |         1|         0|
|100 (Image Width)                       |3 (SHORT)      |         1|       123|
|101 (Image Length)                      |3 (SHORT)      |         1|        62|
|102 (Bits Per Sample)                   |3 (SHORT)      |         1|         8|
|103 (Compression)                       |3 (SHORT)      |         1|         1|
|106 (Photometric Interpretation)        |3 (SHORT)      |         1|         1|
|111 (Strip Offsets)                     |4 (LONG)       |         1|       288|
|115 (Samples Per Pixel)                 |3 (SHORT)      |         1|         1|
|116 (Rows Per Strip)                    |4 (LONG)       |         1|        62|
|117 (Strip Byte Counts)                 |4 (LONG)       |         1|      7626|
|11A (X Resolution)                      |5 (RATIONAL)   |         1|       242|
|11B (Y Resolution)                      |5 (RATIONAL)   |         1|       250|
|128 (Resolution Unit)                   |3 (SHORT)      |         1|         2|
-----------------------------------Image Data-----------------------------------

04 04 04 04 04 04 04 04 	04 04 04 04 04 04 04 04 
04 04 04 05 05 05 05 05 	05 05 05 05 05 05 05 05 
05 05 05 0B 0B 0B 0B 0B 	0B 0B 0B 04 05 07 07 09 
0A 08 04 09 01 01 09 06 	06 0D 0E 0D 0A 0A 0A 04 
02 02 05 04 04 05 02 08 	15 10 01 04 04 04 04 04 
04 04 04 04 04 04 04 04 	04 04 04 04 04 04 04 04 
04 04 04 04 04 04 04 04 	04 04 04 04 04 04 04 04 
04 04 04 04 04 04 04 04 	04 04 04 04 04 04 04 04 
04 04 04 04 04 04 04 04 	04 04 04 04 04 04 05 05 
05 05 05 05 05 05 05 05 	05 05 05 05 05 05 05 05 
05 05 05 05 05 05 04 05 	05 03 01 01 02 03 01 01 
10 22 29 30 36 39 30 2A 	28 2A 28 21 1C 1D 1A 06 
00 08 10 09 03 06 04 04 	04 04 04 04 04 04 04 04 
04 04 04 04 04 04 04 04 	04 04 04 04 04 04 04 04 
04 04 04 04 04 04 04 04 	04 04 04 04 04 04 04 04 
04 04 04 04 04 04 04 04 	04 04 04 04 04 04 04 04 
04 04 04 04 04 04 04 04 	04 04 04 04 04 04 04 04 
04 04 04 04 04 04 04 04 	04 02 02 02 02 02 02 02 
02 09 05 04 04 05 05 07 	0A 04 1E 37 47 52 53 52 
54 57 51 4E 53 55 51 4A 	45 43 2B 0E 00 01 09 0B 
07 04 04 04 04 04 04 04 	04 04 04 04 04 04 04 04 
04 04 04 04 04 04 04 04 	04 04 04 04 04 04 04 04 
04 04 04 04 04 04 04 04 	04 04 04 04 04 04 04 04 
04 04 04 04 04 04 04 04 	04 04 04 04 04 04 04 04 
04 04 04 04 03 03 03 03 	03 03 03 03 03 03 03 03 
03 03 03 03 05 05 05 05 	05 05 05 05 09 03 04 0C 
0C 05 01 03 2B 4F 65 6B 	71 6B 5F 61 64 62 63 67 
6B 6A 65 62 56 51 3A 19 	07 08 0A 06 04 04 04 04 
04 04 04 04 04 04 04 04 	04 04 04 04 04 04 04 04 
04 04 04 04 04 04 04 04 	04 04 04 04 04 04 04 04 
04 04 04 04 04 04 04 04 	04 04 04 04 04 04 04 04 
04 04 04 04 04 04 04 04 	04 04 04 04 04 04 04 03 
03 03 03 03 03 03 03 03 	03 03 03 03 03 03 03 07 
07 07 07 07 07 07 07 02 	02 07 0B 03 01 01 0F 5D 
7C 82 7B 7E 77 6E 78 72 	75 77 78 77 76 74 72 60 
5C 5F 5A 3D 13 02 02 04 	04 04 04 04 04 04 04 04 
04 04 04 04 04 04 04 04 	04 04 04 04 04 04 04 04 
04 04 04 04 04 04 04 04 	04 04 04 04 04 04 04 04 
04 04 04 04 04 04 04 04 	04 04 04 04 04 04 04 04 
04 04 04 04 04 04 04 04 	04 04 03 03 03 03 03 03 
03 03 03 03 03 03 03 03 	03 03 04 04 04 04 04 04 
04 04 01 07 08 01 01 0F 	35 56 81 8F 86 78 7A 74 
73 81 82 85 85 82 7F 7C 	75 6D 75 6D 66 64 60 48 
1D 01 04 04 04 04 04 04 	04 04 04 04 04 04 04 04 
04 04 04 04 04 04 04 04 	04 04 04 04 04 04 04 04 
04 04 04 04 04 04 04 04 	04 04 04 04 04 04 04 04 
04 04 04 04 04 04 04 04 	04 04 04 04 04 04 04 04 
04 04 04 04 04 03 03 03 	03 03 03 03 03 03 03 03 
03 03 03 03 03 03 03 03 	03 03 03 03 03 04 0B 04 
01 13 4D 7A 89 8A 90 88 	83 87 7F 7A 86 84 83 81 
80 83 7F 6D 5A 78 7E 70 	5A 5E 68 4A 17 04 04 04 
04 04 04 04 04 04 04 04 	04 04 04 04 04 04 04 04 
04 04 04 04 04 04 04 04 	04 04 04 04 04 04 04 04 
04 04 04 04 04 04 04 04 	04 04 04 04 04 04 04 04 
04 04 04 04 04 04 04 04 	04 04 04 04 04 04 04 04 
04 04 04 04 04 04 04 04 	04 04 04 04 04 04 04 04 
05 05 05 05 05 05 05 05 	05 0A 01 01 34 7F 95 7D 
85 8C 91 9C A7 9C 90 96 	97 92 8E 93 9D 9B 80 62 
63 7A 85 74 5C 51 50 51 	04 04 04 04 04 04 04 04 
04 04 04 04 04 04 04 04 	04 04 04 04 04 04 04 04 
04 04 04 04 04 04 04 04 	04 04 04 04 04 04 04 04 
04 04 04 04 04 04 04 04 	04 04 04 05 05 04 03 03 
03 03 04 04 04 04 04 04 	04 04 04 04 04 04 04 04 
04 04 04 04 04 04 04 04 	04 04 04 0B 07 01 04 08 
02 05 03 03 04 0B 4C 90 	92 86 85 8D 9D A1 9D 9C 
94 8B 89 9C A7 A9 A4 9C 	87 7C 86 86 7F 77 73 5D 
3A 4D 8B 43 07 04 07 00 	05 06 01 04 04 04 04 04 
04 04 04 04 04 04 04 04 	04 04 04 04 04 04 04 04 
04 04 04 04 04 04 04 04 	04 04 04 0B 08 04 02 03 
05 04 04 04 04 04 05 05 	04 03 03 03 03 04 04 04 
04 04 04 04 04 04 04 04 	04 04 04 04 04 04 04 04 
04 04 04 04 04 04 01 04 	01 02 05 05 06 01 0C 44 
6B 8C 9D 90 8E 94 8F 99 	98 94 98 92 83 7C 92 96 
95 95 93 81 76 7D 8C 96 	85 61 53 62 6F 70 70 2B 
03 01 06 0A 03 02 04 04 	04 04 04 04 04 04 04 04 
04 04 04 04 04 04 04 04 	04 04 04 04 04 04 04 04 
04 04 04 04 04 04 0B 08 	04 02 03 05 04 04 04 04 
04 05 05 04 03 03 03 03 	04 04 04 04 04 04 04 04 
04 04 04 04 04 04 04 04 	04 04 04 04 04 04 04 04 
04 05 04 02 07 05 00 01 	00 46 8A A7 A3 9E 98 99 
94 95 9D 9C 9E A8 A2 8E 	80 92 90 91 99 9B 8A 7E 
81 80 82 77 65 6A 84 89 	75 74 56 1D 02 01 00 00 
00 04 04 04 04 04 04 04 	04 04 04 04 04 04 04 04 
04 04 04 04 04 04 04 04 	04 04 04 04 04 04 04 04 
04 0B 08 04 02 03 05 04 	04 04 04 04 05 05 04 03 
03 03 03 04 04 04 04 04 	04 04 04 04 04 04 04 04 
04 04 04 04 04 04 04 04 	04 04 04 04 06 00 04 08 
01 01 1A 39 67 96 9D 95 	9E AA AB 98 9B A8 AD B4 
C0 BC A8 9B 98 98 9D A6 	A4 94 8A 8C 86 78 6E 7E 
94 93 84 80 7E 76 38 07 	01 05 0F 00 04 04 04 04 
04 04 04 04 04 04 04 04 	04 04 04 04 04 04 04 04 
04 04 04 04 04 04 04 04 	04 04 04 04 0B 08 04 02 
03 05 04 04 04 04 04 05 	05 04 03 03 03 03 04 04 
04 04 04 04 04 04 04 04 	04 04 04 04 04 04 04 04 
04 04 04 04 04 04 04 05 	06 0B 02 01 2B 6D 96 80 
A0 A4 A4 AA AA A1 89 9E 	AE B5 B7 BE BB B1 AE AE 
B0 B5 B4 A9 9F A0 A6 9B 	89 6E 7E AA A5 86 86 80 
73 42 1B 02 01 0C 05 04 	04 04 04 04 04 04 04 04 
04 04 04 04 04 04 04 04 	04 04 04 04 04 04 04 04 
04 04 04 04 04 04 04 0B 	08 04 02 03 05 04 04 04 
04 04 05 05 04 03 03 03 	03 04 04 04 04 04 04 04 
04 04 04 04 04 04 04 04 	04 04 04 04 04 04 04 04 
04 04 0A 05 01 01 1E 74 	A4 9E 93 A3 A4 AD B6 B4 
AE 9A 9E AE B0 AA AA A8 	A5 A9 B8 BA B9 AC 9C 9C 
A8 AC 9F 80 5D 73 AA A7 	8B 91 7B 65 4B 4C 3B 08 
01 0A 04 04 04 04 04 04 	04 04 04 04 04 04 04 04 
04 04 04 04 04 04 04 04 	04 04 04 04 04 04 04 04 
04 04 0B 08 04 02 03 05 	04 04 04 04 04 05 05 04 
03 03 03 03 04 04 04 04 	04 04 04 04 04 04 04 04 
04 04 04 04 04 04 04 04 	04 04 04 04 04 02 01 10 
32 5C 8F 94 79 99 A1 9B 	A2 AC B3 B9 AC A0 B0 B3 
AE AC A6 9E 9E A8 AD AD 	9C 8E 96 9E 94 8E 73 6C 
8F AB 9B 88 91 88 69 3E 	56 93 60 02 01 04 04 04 
04 04 04 04 04 04 04 04 	04 04 04 04 04 04 04 04 
04 04 04 04 04 04 04 04 	04 04 04 04 04 0B 08 04 
02 03 05 04 04 04 04 04 	05 05 04 03 03 03 03 04 
04 04 04 04 04 04 04 04 	04 04 04 04 04 04 04 04 
04 04 04 04 04 04 04 04 	01 07 57 A6 AF 97 89 8E 
89 9F A2 9F 9A 9E AC A7 	A4 B6 BF C0 C2 B7 A4 9B 
AB B4 B9 AB A1 AB A8 90 	73 77 9B BD B5 9D 93 8F 
78 6C 29 2C 9B 85 08 01 	04 04 04 04 04 04 04 04 
04 04 04 04 04 04 04 04 	04 04 04 04 04 04 04 04 
04 04 04 04 04 04 04 04 	0B 08 04 02 03 05 04 04 
04 04 04 01 04 03 01 03 	08 07 01 04 03 03 04 05 
07 07 07 03 09 04 02 0A 	08 02 04 01 03 04 04 03 
00 00 00 06 43 87 99 9F 	91 79 8D 9D 9B A7 AF A9 
A9 AD A8 A3 BE C3 BC C0 	B7 A0 95 B9 C3 BD B3 AB 
AD AA 8D 7F 87 9E 9B 8F 	96 93 8D 88 53 23 38 65 
6E 4F 21 05 04 06 0B 04 	01 01 07 01 0A 08 02 08 
07 03 04 03 00 05 02 02 	0A 02 02 03 05 06 04 02 
02 05 08 0C 09 04 02 04 	05 04 01 04 04 04 07 08 
05 04 05 08 09 07 05 05 	05 04 03 02 01 01 05 0B 
08 02 04 02 03 0C 0A 03 	00 00 05 08 02 00 2C 62 
7C 76 6D 68 7E A2 A8 A4 	A8 AA A9 B0 B0 A2 B4 BE 
BA BE CB BF A9 A8 B2 C6 	B6 B0 BB A8 94 95 9A AD 
B8 9C 8B 9A 94 7C 75 54 	2F 36 5B 7D 87 7A 66 1C 
01 01 0A 01 04 07 03 0A 	03 01 01 05 05 09 00 00 
09 00 01 07 07 09 04 01 	01 07 0C 0A 02 01 09 05 
03 02 04 05 05 05 04 04 	04 01 02 05 07 05 01 01 
01 03 03 02 02 02 02 03 	04 05 05 00 00 04 03 00 
05 00 01 04 0B 0A 00 00 	1F 6B 74 53 4B 60 7A 9D 
A6 B1 B9 C1 C2 C2 C8 BC 	A3 B4 B5 AF BB D1 C3 AA 
AC BC CC C2 BC B8 9C 93 	A8 B3 BA BC A8 9C A4 9E 
8C 78 55 32 35 46 51 69 	7F A4 5E 0F 01 0A 0A 02 
01 00 05 04 01 05 06 04 	04 03 04 05 00 05 0C 04 
01 04 04 03 02 01 02 05 	09 0C 09 05 04 04 03 02 
02 04 04 04 0A 05 04 04 	03 02 05 0B 00 00 01 01 
01 01 02 04 02 01 01 04 	06 03 01 03 0A 05 01 01 
01 01 23 77 9E 9D 80 72 	7F 98 AF AC B0 BD C3 C2 
C8 D3 CA B2 A7 B1 A7 AC 	CB C7 AB A5 BE C7 D4 C7 
A4 9F B5 BC B6 B5 B2 AA 	AB B0 A4 92 83 5F 3D 3A 
3B 2F 33 48 5C 80 4E 03 	00 02 0B 0E 06 07 05 03 
04 05 04 05 02 03 03 02 	01 00 00 06 01 0B 0C 04 
03 08 04 01 0F 08 03 04 	05 03 03 05 04 04 04 02 
02 03 03 03 01 01 01 01 	04 07 07 03 00 00 01 05 
01 02 06 03 01 04 0B 03 	04 04 13 2B 3D 67 A3 8C 
93 A2 9A 98 A7 A7 A5 AA 	AD AD B1 C3 CC B9 9F B3 
BD 9E 8C B0 C1 A7 94 B3 	BE C4 A9 92 AE C6 B9 C4 
CA BC AA AE B6 A1 7C 76 	6F 53 39 3D 4B 55 60 29 
76 84 4B 0C 01 03 01 01 	01 03 07 05 02 01 01 07 
01 00 04 10 04 01 09 51 	5B 5A 55 62 6A 45 11 12 
05 01 02 07 07 08 0C 04 	04 04 07 07 03 01 02 0C 
0F 0B 25 25 23 1F 1D 21 	29 31 1F 04 01 01 0E 14 
12 0B 19 3A 57 6F 8C 96 	92 92 6F 68 84 8F 98 A7 
94 83 7C 70 65 75 97 A8 	A3 9C C7 C9 95 70 8E A1 
87 76 9D A9 93 71 8C BF 	C4 B3 CC CD B9 AC AB A3 
91 7C 81 82 65 39 34 4B 	64 84 66 5C 6D 7B 45 25 
2D 0D 07 03 03 01 01 00 	05 06 01 07 1A 45 6B 68 
58 56 82 7E 6A 59 61 6D 	54 2B 26 12 02 03 05 03 
01 03 04 04 04 0A 0B 05 	08 26 56 75 7D 8A 8B 8A 
87 87 8E 9B A5 9C 7A 6D 	7E 8E 94 8D 7F 7A 8F 9E 
A0 9E 97 91 92 85 78 86 	93 8D 8C 84 71 4B 3E 34 
3F 54 61 7D A2 B3 BA 97 	82 98 90 75 79 8E 8E 7E 
6F 94 C3 BB A3 B7 B1 A1 	A2 9D 88 8B 9B 8A 89 6E 
41 31 36 48 72 A9 7C 64 	80 82 7B 91 89 7C 5F 42 
28 0B 01 02 02 20 62 89 	99 A1 94 88 85 79 60 3F 
29 28 31 38 3A 38 1C 05 	03 05 01 01 01 04 04 04 
03 15 27 39 62 8F A2 9B 	87 8E 95 98 95 94 96 9A 
98 90 9C AA A1 98 9C 9F 	9F 98 9E A9 9E 85 83 96 
97 85 7F 91 88 80 88 72 	59 66 74 75 57 2C 33 62 
86 9E A1 AF C2 A1 86 A0 	9C 8A 9A A1 A0 B3 A4 77 
66 72 68 5D 57 50 66 80 	5C 74 6B 45 44 54 5A 6B 
8B B0 92 84 8D 78 79 88 	94 86 85 7E 63 49 37 28 
50 8D 97 82 82 85 7B 6A 	59 30 11 11 19 18 1C 29 
36 17 01 01 08 07 04 05 	04 04 04 0E 3E 5C 63 68 
5A 4E 57 54 4E 70 8E 8A 	93 A4 9E 97 97 95 8F 89 
8A 91 99 9F 9B 9C A1 A1 	98 95 9C 90 8F 87 7C 85 
78 51 42 6E 80 92 99 97 	87 59 28 4A 7B A4 A1 8D 
92 A5 B1 8D 88 AC A8 A3 	86 65 3A 15 26 20 17 16 
20 38 3F 43 55 52 47 41 	5B 64 61 6B 89 8C 82 98 
95 7A 88 7E 7B 82 87 86 	8C 8D 80 81 85 86 85 88 
7D 55 2B 1B 08 05 10 15 	17 1A 16 0B 05 01 01 04 
05 04 01 04 04 04 23 45 	53 53 57 4F 47 53 4F 64 
4A 3B 6A 90 94 9B 99 9C 	9C 95 8E 8D 94 9C A6 9C 
A2 AE B0 A8 A1 A1 90 7C 	7B 7B 69 45 3C 5E 8C 91 
97 96 97 94 76 4E 2D 43 	5C 6F 87 A1 A7 9F 99 7A 
7B 7E 72 3F 15 13 47 6F 	81 81 69 4F 49 41 5A 5C 
55 48 30 37 47 57 66 80 	85 81 A0 AA 8C 82 8C 84 
87 8C 8A 8E 92 8D 8A 86 	81 7A 6B 4D 24 05 0D 06 
19 39 47 3F 2A 13 13 0B 	03 01 03 05 04 02 04 04 
04 26 40 4A 4C 57 60 6C 	82 7D 6F 6E 65 48 44 6A 
90 90 97 9C 98 93 95 A0 	AB B4 9F A4 B1 AE A5 9C 
9A 8D 6C 6D 7A 67 4E 64 	96 9D 9E A2 9E 9B 9C 88 
66 39 3D 46 61 90 B3 B1 	9F 9B 85 62 3E 1C 0A 14 
54 8F 96 8F 91 8D 7E 6E 	55 66 66 64 52 2A 27 3D 
50 65 6E 7F 8E 98 8C 79 	7D 93 8B 8B 8F 8B 88 88 
85 85 7D 6F 5A 38 15 06 	07 19 3B 63 67 4A 33 29 
1F 18 11 07 02 03 04 04 	03 04 04 04 12 26 2D 2B 
31 3B 52 6F 8C 95 7F 6C 	6D 54 38 3F 54 65 7B 8D 
96 97 96 96 74 5A 60 6C 	69 6B 73 84 8E 81 84 7E 
69 6E 8E A5 AC AF B4 AC 	9E 9A 90 77 6B 73 72 78 
92 A8 A8 9F 98 7C 47 2F 	2B 49 57 87 86 95 97 99 
90 86 84 76 4C 55 5C 47 	26 31 4E 58 5F 5F 74 81 
6B 54 62 85 8C 8D 92 94 	92 8F 8A 84 6D 5E 48 2B 
0B 01 18 3B 40 60 6D 43 	0D 02 0E 0D 14 0F 08 04 
04 04 04 02 04 04 04 04 	0E 0E 07 02 01 0D 21 56 
9C AB 84 7C 84 61 2F 15 	1B 2B 45 58 5A 49 38 1E 
08 0F 15 16 1E 3A 6C 85 	90 91 73 57 6C 91 99 9C 
9D 98 85 75 7C 8A 8D 81 	91 8B 80 8C 9E A2 A1 93 
6A 45 4C 5D 82 7D 8C A3 	B5 AC 9D 8D 7E 78 69 34 
32 38 2B 19 29 4C 56 56 	61 76 80 76 78 92 A3 94 
9B 96 86 7B 73 65 58 43 	2F 16 04 04 1C 43 64 5C 
41 21 04 01 02 06 01 0B 	08 05 05 05 04 03 01 04 
04 04 08 07 03 02 01 01 	01 04 03 23 7F BB A2 86 
8B 8B 47 2A 09 04 05 0A 	05 03 10 04 06 04 04 04 
1E 66 81 88 85 76 67 6C 	78 73 6D 6A 57 39 2F 3B 
55 6A 8D A0 94 84 99 B4 	B2 A9 94 6F 55 59 71 91 
87 82 70 8A 7F 75 7E 81 	7B 68 41 2B 29 26 1B 17 
30 45 51 61 7D A3 B0 A2 	8D 73 6E 75 65 46 35 2D 
1F 13 10 02 01 04 29 4E 	60 61 3B 0F 01 01 07 07 
06 03 04 04 04 04 04 04 	02 01 04 04 04 08 01 01 
05 06 03 01 02 03 02 0D 	79 D3 A8 7A A3 9D 79 47 
1E 09 05 07 09 05 07 0B 	07 0F 04 09 5B 90 8B 80 
89 89 70 5F 5A 99 95 76 	56 4D 4F 59 68 95 B2 A7 
90 A6 C4 BC AA 95 67 4C 	5C 9C A6 7A 5E 69 90 72 
3C 2B 39 59 70 4B 34 2E 	2A 23 18 2F 46 52 61 6D 
81 7F 58 2E 11 16 21 18 	05 03 06 03 02 01 01 13 
33 55 62 50 37 04 01 01 	08 01 01 01 05 04 04 04 
03 03 03 03 03 04 04 04 	06 01 01 05 05 01 02 05 
02 0A 01 02 4E 96 97 7F 	91 91 84 65 3E 20 13 12 
20 2A 33 34 43 2B 22 73 	90 8A 77 7F 82 6C 73 8F 
8E 8C 6D 54 54 4F 47 4E 	7B A9 AA 90 A2 C1 BE AF 
8A 58 4B 6D AE 84 59 6C 	A5 C0 87 37 1D 21 2D 36 
3A 2F 29 1B 1E 27 49 62 	59 72 5A 2C 0E 03 05 05 
00 05 03 00 01 03 01 05 	01 1E 47 68 6E 56 2A 08 
01 02 05 04 02 0C 0C 01 	08 07 05 03 01 02 04 05 
04 04 04 04 04 04 04 04 	04 04 04 04 05 01 01 09 
12 48 99 90 8B 89 84 73 	65 60 60 6B 77 73 67 75 
76 67 7A 7E 8A 8F 7B 6A 	80 9B 9C 9F 95 8B 82 79 
77 87 9A AA B3 9A 99 B2 	B7 B0 A8 88 67 43 7C A7 
72 78 8B 8E 89 6B 3F 2E 	36 2D 17 2F 3D 38 31 37 
35 35 46 49 5B 3A 03 01 	05 05 00 03 01 00 01 00 
00 0F 20 45 5E 74 6B 48 	22 08 01 04 04 04 04 04 
04 04 04 04 04 04 04 04 	04 04 04 04 04 04 04 04 
04 04 04 04 04 04 04 07 	01 01 02 02 21 5B 9F 96 
82 78 7A 6E 6C 7F 74 75 	73 72 84 84 71 80 76 8A 
8A 80 89 95 99 9D AC B7 	C3 C3 B1 A6 B7 D2 CC B4 
A4 B1 BB C6 C6 A3 9C 77 	6D 92 AE A6 B5 A2 A5 A9 
95 6B 51 51 55 4F 36 42 	38 28 26 26 37 5A 52 33 
0D 01 05 04 00 03 04 02 	05 10 23 39 53 67 6B 73 
73 5A 2F 0B 01 05 04 04 	04 04 04 04 04 04 04 04 
04 04 04 04 04 04 04 04 	04 04 04 04 04 04 04 04 
04 02 08 02 01 01 01 01 	1C 7C 93 97 83 72 67 60 
63 65 61 64 6C 7A 75 67 	7A 87 94 92 8E 97 9B 9A 
9F BA B6 B5 B9 B8 B8 C3 	D2 B8 A4 A4 C0 C9 C9 C5 
A3 95 93 8E 86 A5 AD A8 	A9 B7 C0 BE AB 94 7F 64 
4C 67 5A 37 20 23 29 3C 	60 69 26 03 01 05 01 06 
14 22 26 30 42 5A 6E 74 	71 6D 60 4F 38 1B 01 00 
07 04 04 04 04 04 04 04 	04 04 04 04 04 04 04 04 
04 04 04 04 04 04 04 04 	04 04 04 04 01 07 03 01 
07 02 01 01 14 39 79 9E 	93 8A 86 75 79 71 74 74 
71 63 58 71 9F 9C A1 9E 	8F 94 A6 AD AC A8 A7 AE 
B7 BB B7 B3 AE 99 7B 8B 	A8 A5 9D 97 8B 84 73 5B 
96 B2 99 A2 A6 AB A9 99 	80 6A 55 47 6B 64 4F 48 
4F 45 3D 4B 61 26 05 02 	02 14 39 48 51 5D 67 68 
6A 6B 68 62 74 4A 20 0C 	04 00 01 04 04 04 04 04 
04 04 04 04 04 04 04 04 	04 04 04 04 04 04 04 04 
04 04 04 04 04 04 04 01 	05 02 01 09 0B 04 01 01 
01 36 8C A3 94 91 96 98 	8D 8A 82 7E 72 66 7A 9B 
9D AA AB 99 99 AC B7 B7 	C2 C9 C2 B9 B9 BF C3 BB 
89 4D 4F 6C 76 7A 78 30 	33 52 51 80 B7 B3 A7 9C 
A2 A0 89 68 56 54 5A 50 	60 63 63 64 51 43 50 4E 
1E 05 03 0A 36 62 65 62 	6D 71 64 58 5F 6F 7A 5E 
34 0B 01 00 01 02 08 04 	04 04 04 04 04 04 04 04 
04 04 04 04 04 04 04 04 	04 04 04 04 04 04 04 04 
04 04 03 05 01 01 04 09 	05 01 03 01 02 34 56 54 
63 8A 92 92 90 86 90 92 	81 89 8F A4 B0 B4 B5 AA 
A2 AB B6 B8 B6 B1 B1 B8 	C0 C3 B5 88 75 7E 6B 60 
65 47 11 40 60 4C 74 A6 	B0 B2 90 94 97 9B 9E 9B 
8F 81 58 66 61 5A 5D 51 	44 4A 48 12 03 10 28 49 
5C 53 58 56 55 5C 68 70 	6D 65 19 0D 06 08 07 02 
02 07 04 04 04 04 04 04 	04 04 04 04 04 04 04 04 
04 04 04 04 04 04 04 04 	04 04 04 04 04 05 05 05 
02 01 03 03 01 06 0A 01 	01 02 07 16 31 60 80 8D 
7D 87 8E 7E 85 90 A4 AF 	B5 BD B5 A5 A1 94 8F 95 
A9 B9 B6 AB A3 A4 99 AD 	C4 A5 90 90 6F 80 A1 7D 
56 8A 9F 98 9B A7 9F 93 	8D 95 96 83 6A 6B 7C 77 
6C 6C 58 35 26 33 08 03 	27 46 52 55 54 57 51 56 
66 6F 60 3C 1F 01 01 04 	05 02 01 01 03 04 04 04 
04 04 04 04 04 04 04 04 	04 04 04 04 04 04 04 04 
04 04 04 04 04 04 04 04 	05 07 09 07 02 01 03 04 
02 00 01 05 02 02 02 02 	0B 4E 72 5E 5F 66 60 71 
92 96 A6 B0 B0 B9 BB AC 	A8 A6 B2 C0 B8 A2 9E AA 
C5 BE B5 C3 CE CD D1 C7 	A3 A9 96 97 AF 9D 89 6B 
8B 9A 9A 7F 64 5C 60 60 	7B 97 95 7D 6C 52 33 29 
1C 0C 17 3B 51 53 5A 67 	64 6A 73 6C 4E 23 06 01 
04 05 05 03 04 06 06 05 	04 04 04 04 04 04 04 04 
04 04 04 04 04 04 04 04 	04 04 04 04 04 04 04 04 
04 04 04 04 04 04 04 04 	04 04 04 04 04 04 04 04 
04 04 04 01 07 01 03 09 	07 38 91 89 93 99 9C 9D 
96 9D B0 BC C3 B4 A2 96 	9D B1 B5 BE C5 CC C8 C5 
CC D3 D0 A3 A5 B0 A7 9C 	AB A0 6F 54 75 91 98 87 
8A 90 A1 9C 9B 8A 79 67 	49 2D 23 1D 09 28 66 7A 
77 7A 7A 6B 54 32 17 08 	05 05 05 04 04 04 04 04 
04 04 04 04 04 04 04 04 	04 04 04 05 05 05 04 04 
03 03 03 04 04 04 04 04 	04 04 04 04 04 04 04 04 
04 04 04 04 04 04 04 04 	04 04 04 04 04 04 01 09 
04 02 02 01 0A 3D 67 7A 	82 7F 82 85 8D 99 B0 A5 
93 8D 99 B3 BD AE BF C3 	CF CF C3 C8 D8 DB A9 AF 
BE B1 95 99 99 7A 78 74 	64 69 81 9C 96 9F 99 8F 
7B 68 55 37 1F 1B 14 0A 	30 69 76 67 58 4A 1A 11 
05 01 01 02 01 01 04 04 	04 04 04 04 04 04 04 04 
04 04 04 04 04 04 05 05 	05 04 04 03 03 03 04 04 
04 04 04 04 04 04 04 04 	04 04 04 04 04 04 04 04 
04 04 04 04 04 04 04 04 	04 01 09 07 04 05 01 01 
05 3D 61 71 6C 77 8E 9B 	A1 A4 83 89 A7 B0 AB B0 
BC C9 BD C6 CC C6 D4 E0 	D3 B6 AD B1 A7 93 9D A2 
88 9A 8E 70 5C 62 77 71 	88 8D 7E 63 51 40 24 12 
15 32 17 14 1F 19 11 10 	0A 03 01 01 04 07 07 03 
01 04 04 04 04 04 04 04 	04 04 04 04 04 04 04 04 
04 05 05 05 04 04 03 03 	03 04 04 04 04 04 04 04 
04 04 04 04 04 04 04 04 	04 04 04 04 04 04 04 04 
04 04 04 04 02 05 04 03 	08 0A 05 02 1F 52 6A 62 
70 92 A3 A2 8B 77 97 BD 	B8 A7 A8 B9 BE AE AF AC 
A8 C3 D0 B3 A1 95 96 91 	8B 98 97 78 7F 81 85 6D 
50 5D 60 7A 79 6A 4F 3B 	30 1E 10 13 2C 14 08 04 
01 01 05 04 05 03 02 03 	05 05 04 01 04 04 04 04 
04 04 04 04 04 04 04 04 	04 04 04 04 05 05 05 04 
04 03 03 03 04 04 04 04 	04 04 04 04 04 04 04 04 
04 04 04 04 04 04 04 04 	04 04 04 04 04 04 04 04 
03 01 01 01 04 05 03 04 	43 64 5B 66 88 99 94 7F 
87 9C 93 8A 9D 99 80 8C 	98 AB A9 A3 B9 BA 95 87 
8B 8D 7F 6C 69 59 36 3A 	35 5E 60 49 6A 6C 66 5E 
58 42 2E 29 23 17 14 03 	01 02 07 06 06 05 01 05 
03 01 01 01 04 05 05 04 	04 04 04 04 04 04 04 04 
04 04 04 04 04 04 04 05 	05 05 04 04 03 03 03 04 
04 04 04 04 04 04 04 04 	04 04 04 04 04 04 04 04 
04 04 04 04 04 04 04 04 	04 04 04 04 05 05 03 02 
03 05 04 47 72 6D 71 88 	95 94 8D 8A 83 64 4D 56 
5A 4B 59 65 73 78 83 98 	96 7B 6B 66 52 3E 45 5D 
63 57 3A 30 65 62 40 6B 	68 4A 47 47 34 22 24 24 
18 11 0A 06 04 03 00 02 	03 00 09 08 07 05 05 05 
04 04 04 04 04 04 04 04 	04 04 04 04 04 04 04 04 
04 04 05 05 05 04 04 03 	03 03 04 04 04 04 04 04 
04 04 04 04 04 04 04 04 	04 04 04 04 04 04 04 04 
04 04 04 04 04 02 05 07 	05 08 08 05 07 0D 52 83 
82 7C 83 8B 90 9B 86 7E 	84 75 65 78 91 B3 A3 86 
6B 59 46 3B 3E 48 63 75 	87 A5 A6 88 71 62 57 83 
6A 42 71 64 3F 39 38 28 	19 1C 1A 0E 07 03 02 02 
04 05 04 05 09 01 01 01 	02 02 02 01 01 04 04 04 
04 04 04 04 04 04 04 04 	04 04 04 04 04 05 05 05 
04 04 03 03 03 04 04 04 	04 04 04 04 04 04 04 04 
04 04 04 04 04 04 04 04 	04 04 04 04 04 04 04 04 
01 05 03 01 02 05 01 01 	02 3F 76 7D 76 76 7E 89 
A6 96 8D A2 A5 98 A1 AC 	C2 D2 DC D9 BB 85 7B A1 
BA CF C7 AF 9B 75 51 4B 	50 3E 58 43 3C 80 67 38 
33 2E 1D 12 15 0F 03 03 	08 05 04 05 05 02 02 09 
05 04 03 02 01 02 04 05 	04 04 04 04 04 04 04 04 
04 04 04 04 04 04 04 04 	05 05 05 04 04 03 03 03 
04 04 04 04 04 04 04 04 	04 04 04 04 04 04 04 04 
04 04 04 04 04 04 04 04 	04 04 04 0B 01 01 03 05 
08 08 04 04 12 5E 81 74 	74 76 82 A2 A5 99 8C 8E 
8F 8B 8B 86 8F 9D AF C1 	CA C4 B9 B0 A1 77 5D 6A 
60 4B 5E 4A 31 3F 46 56 	7D 6B 3F 29 35 1E 1A 25 
10 01 01 01 02 07 0B 07 	01 04 0C 04 04 04 04 04 
04 04 04 04 04 04 04 04 	04 04 04 04 04 04 04 04 
04 04 04 08 07 05 04 04 	04 05 05 04 04 04 04 04 
04 04 04 04 04 04 04 04 	04 04 04 04 04 04 04 04 
04 04 04 04 04 04 05 01 	03 05 04 05 02 01 01 01 
46 72 69 69 6F 7C 91 98 	93 8B 8F 91 8F 92 8E 88 
74 69 7C 98 91 74 73 62 	4E 62 6B 50 51 67 3A 37 
4A 4F 5B 76 66 42 2D 34 	22 27 33 17 02 0D 03 03 
05 07 05 01 01 01 04 04 	04 04 04 04 04 04 04 04 
04 04 04 04 04 04 04 04 	04 04 04 04 04 04 08 07 
05 04 04 04 05 05 04 04 	04 04 04 04 04 04 04 04 
04 04 04 04 04 04 04 04 	04 04 04 04 04 04 04 04 
04 03 01 05 05 02 05 03 	01 01 01 4E 7C 67 62 68 
6E 79 85 87 85 8A 8C 8D 	94 8B 8A 7B 6C 70 7A 6E 
54 5E 52 53 7B 6F 4B 59 	58 28 48 57 4D 57 6E 60 
3A 2F 2B 1A 23 2D 0D 00 	03 03 02 01 01 04 07 05 
01 04 04 04 04 04 04 04 	04 04 04 04 04 04 04 04 
04 04 04 04 04 04 04 04 	04 08 07 05 04 04 04 05 
05 04 04 04 04 04 04 04 	04 04 04 04 04 04 04 04 
04 04 04 04 04 04 04 04 	04 04 04 04 07 02 07 01 
01 0A 05 03 01 12 67 84 	61 5E 68 65 67 75 7B 7C 
81 81 83 8D 90 75 68 76 	82 77 67 5F 65 5C 6F 82 
65 57 5E 3D 28 56 54 3D 	4C 65 53 27 25 20 14 1F 
32 1B 00 00 05 05 03 01 	02 08 0A 09 04 04 04 04 
04 04 04 04 04 04 04 04 	04 04 04 04 04 04 04 04 
04 04 04 04 08 07 05 04 	04 04 05 05 04 04 04 04 
04 04 04 04 04 04 04 04 	04 04 04 04 04 04 04 04 
04 04 04 04 04 04 04 08 	05 08 01 02 09 01 02 0E 
36 75 71 49 50 63 5D 60 	6D 74 75 78 75 78 85 7B 
6B 74 91 93 78 6D 7C 78 	64 7C 75 54 5D 50 26 3B 
51 3A 2C 43 4F 3A 18 17 	19 10 15 2D 27 08 00 03 
05 07 05 03 02 03 05 04 	04 04 04 04 04 04 04 04 
04 04 04 04 04 04 04 04 	04 04 04 04 04 04 04 08 
07 05 04 04 04 05 05 04 	04 04 04 04 04 04 04 04 
04 04 04 04 04 04 04 04 	04 04 04 04 04 04 04 04 
04 04 04 04 07 01 05 01 	01 15 73 87 94 6E 47 48 
52 4F 56 61 66 6B 6F 6E 	72 82 77 89 A5 AF 9C 86 
8C A1 A4 7F 89 78 5C 59 	3F 29 49 3A 1E 26 3B 31 
20 16 19 18 0B 02 14 20 	12 09 01 01 01 07 07 02 
01 04 04 04 04 04 04 04 	04 04 04 04 04 04 04 04 
04 04 04 04 04 04 04 04 	04 04 08 07 05 04 04 04 
05 05 04 04 04 04 04 04 	04 04 04 04 04 04 04 04 
04 04 04 04 04 04 04 04 	04 04 04 04 04 05 02 05 
02 08 01 07 55 9B 95 82 	63 45 2D 21 29 42 4A 4F 
57 62 65 6E 81 9B 9F 9B 	91 90 9C A9 AD B9 98 8B 
7D 66 4E 34 31 3B 26 19 	24 2B 1E 17 1A 17 12 0A 
00 0B 1C 21 30 17 04 01 	03 09 04 02 08 04 04 04 
04 04 04 04 04 04 04 04 	04 04 04 04 04 04 04 04 
04 04 04 04 04 08 07 05 	04 04 04 05 05 04 04 04 
04 04 04 04 04 04 04 04 	04 04 04 04 04 04 04 04 
04 04 04 04 04 04 04 04 	09 02 02 02 0A 01 1E 97 
83 75 63 64 5B 2F 13 29 	2C 33 39 45 54 5C 69 7F 
98 99 92 89 8E 9F AB AA 	AF A0 7E 6C 58 31 1D 1D 
21 20 22 21 1B 19 1C 1A 	05 03 07 04 04 08 11 2D 
46 1E 01 01 05 01 01 05 	04 04 04 04 04 04 04 04 
04 04 04 04 04 04 04 04 	04 04 04 04 04 04 04 04 
08 07 05 04 04 04 05 05 	04 04 04 04 04 04 04 04 
04 04 04 04 04 04 04 04 	04 04 04 04 04 04 04 04 
04 04 04 00 0C 01 07 01 	01 4F 89 7A 6D 5F 5A 5D 
39 11 20 32 36 38 33 2F 	3B 54 6A 82 8A 94 96 94 
91 90 90 92 80 6E 4C 31 	23 14 17 22 1E 19 15 13 
11 0E 0B 01 03 04 03 07 	0A 0D 0C 32 52 2A 03 04 
0A 00 02 04 04 04 04 04 	04 04 04 04 04 04 04 04 
04 04 04 04 04 04 04 04 	04 04 04 05 05 04 03 03 
03 03 04 04 04 04 04 04 	04 04 04 04 04 04 04 04 
04 04 04 04 04 04 04 04 	04 04 04 04 04 04 00 01 
02 04 01 25 6F 74 6C 57 	4F 56 5E 3F 1A 22 2D 31 
34 2F 28 2B 37 43 65 72 	80 82 7C 76 78 7C 7D 69 
55 35 20 1B 15 1C 1A 16 	11 0F 0F 0C 0A 07 05 0B 
0D 08 0A 12 16 13 13 37 	37 11 01 00 05 0E 04 04 
04 04 04 04 04 04 04 04 	04 04 04 04 04 04 04 04 
04 04 04 04 04 04 05 05 	04 03 03 03 03 04 04 04 
04 04 04 04 04 04 04 04 	04 04 04 04 04 04 04 04 
04 04 04 04 04 04 04 04 	04 07 03 01 01 0B 48 73 
62 69 4C 48 55 5B 46 20 	17 35 36 37 32 2C 29 2C 
30 4B 5B 6B 6C 62 5B 60 	67 5B 48 38 20 16 19 17 
1F 12 0F 0B 0A 0B 09 08 	06 02 0B 0D 05 08 18 1E 
18 1E 31 33 1B 06 05 04 	00 04 04 04 04 04 04 04 
04 04 04 04 04 04 04 04 	04 04 04 04 04 04 04 04 
04 05 05 04 03 03 03 03 	04 04 04 04 04 04 04 04 
04 04 04 04 04 04 04 04 	04 04 04 04 04 04 04 04 
04 04 04 04 03 05 01 0C 	3C 60 60 64 62 49 49 51 
59 52 2C 0E 34 31 2D 28 	25 25 28 2A 31 3D 48 47 
40 3A 3E 43 39 2B 24 15 	10 14 0D 11 0E 0B 08 09 
0A 09 08 06 04 0B 09 05 	12 28 2E 21 28 41 40 2D 
24 16 00 00 04 04 04 04 	04 04 04 04 04 04 04 04 
04 04 04 04 04 04 04 04 	04 04 04 04 05 05 04 03 
03 03 03 04 04 04 04 04 	04 04 04 04 04 04 04 04 
04 04 04 04 04 04 04 04 	04 04 04 04 04 04 04 03 
07 11 2A 52 5D 55 62 4D 	41 45 46 53 5C 3A 13 36 
33 2F 28 24 23 26 28 21 	23 26 25 22 20 21 21 21 
16 15 0B 0B 11 0A 0D 0C 	09 06 05 07 07 06 04 0C 
0F 0B 09 20 3C 3E 2C 1E 	38 3F 3A 3E 31 12 00 04 
04 04 04 04 04 04 04 04 	04 04 04 04 04 04 04 04 
04 04 04 04 04 04 04 05 	05 04 03 03 03 03 04 04 
04 04 04 04 04 04 04 04 	04 04 04 04 04 04 04 04 
04 04 04 04 04 04 04 04 	04 04 00 08 2D 4C 4A 50 
60 57 4A 45 46 42 4F 54 	33 17 3A 3A 39 33 2B 27 
29 2C 15 14 14 14 13 13 	11 0F 20 14 12 06 06 0F 
0E 16 0D 0A 06 05 05 05 	03 01 0A 0A 05 07 1C 35 
35 25 22 34 3D 37 36 37 	26 0B 04 04 04 04 04 04 
04 04 04 04 04 04 04 04 	04 04 04 04 04 04 04 04 
04 04 05 05 04 03 03 03 	03 04 